time,ppg
1764027196799,45.784341
1764027196845,225.797616
1764027196886,205.949036
1764027196911,185.078275
1764027196959,131.664542
1764027196995,102.938821
1764027197008,89.86802
1764027197035,83.315126
1764027197073,79.694933
1764027197094,76.728872
1764027197144,74.076179
1764027197165,71.774771
1764027197193,69.123679
1764027197232,67.449723
1764027197269,66.878853
1764027197294,66.640128
1764027197328,66.73035
1764027197365,66.903157
1764027197390,66.9639
1764027197424,67.019668
1764027197463,67.014408
1764027197500,66.999154
1764027197539,66.929095
1764027197560,66.897473
1764027197591,66.885533
1764027197625,66.740376
1764027197659,66.590779
1764027197692,66.431201
1764027197726,66.338583
1764027197764,66.260002
1764027197796,66.104265
1764027197832,66.080599
1764027197867,65.942252
1764027197897,66.220314
1764027197930,66.438824
1764027197967,66.533714
1764027197993,66.595069
1764027198025,66.645733
1764027198065,66.457034
1764027198092,65.888964
1764027198126,65.578324
1764027198162,65.520003
1764027198197,65.627426
1764027198232,65.791125
1764027198264,65.943099
1764027198302,66.056921
1764027198330,66.138002
1764027198367,66.160021
1764027198400,66.1428
1764027198433,66.130157
1764027198467,66.125359
1764027198503,66.150014
1764027198532,66.211759
1764027198573,66.277925
1764027198601,66.32857
1764027198632,66.376096
1764027198669,66.430166
1764027198703,66.472887
1764027198734,66.50723
1764027198771,66.532041
1764027198801,66.565974
1764027198833,66.580017
1764027198868,66.582849
1764027198900,66.62585
1764027198933,66.658084
1764027198974,66.661176
1764027199002,66.227111
1764027199039,65.719002
1764027199066,65.474873
1764027199102,65.46904
1764027199135,65.902239
1764027199173,66.352424
1764027199201,66.642159
1764027199232,66.803586
1764027199269,66.874172
1764027199308,66.818065
1764027199331,66.721027
1764027199369,66.691977
1764027199410,66.701925
1764027199432,66.765884
1764027199462,66.80177
1764027199496,66.844465
1764027199530,66.918124
1764027199569,66.944375
1764027199601,66.934023
1764027199631,66.971074
1764027199660,66.989238
1764027199694,66.980117
1764027199728,66.980013
1764027199763,66.984954
1764027199803,66.967975
1764027199830,66.969062
1764027199866,67.000755
1764027199900,67.039427
1764027199930,66.783098
1764027199963,66.20978
1764027199997,65.919726
1764027200032,65.867877
1764027200069,65.964023
1764027200104,66.128569
1764027200138,66.283928
1764027200171,66.411715
1764027200201,66.496735
1764027200234,66.522412
1764027200265,66.510765
1764027200304,66.500465
1764027200335,66.492451
1764027200367,66.520648
1764027200397,66.574594
1764027200430,66.62087
1764027200464,66.646515
1764027200498,66.685942
1764027200538,66.721535
1764027200565,66.758156
1764027200601,66.800943
1764027200631,66.84177
1764027200665,66.879107
1764027200694,66.883085
1764027200729,66.924589
1764027200760,66.977025
1764027200799,66.99485
1764027200829,66.579405
1764027200865,66.067728
1764027200899,65.827447
1764027200942,65.813723
1764027200967,65.945794
1764027200999,66.114174
1764027201039,66.255698
1764027201070,66.359573
1764027201103,66.432229
1764027201133,66.469385
1764027201174,66.453004
1764027201206,66.436487
1764027201233,66.439925
1764027201271,66.465888
1764027201306,66.513688
1764027201333,66.564268
1764027201368,66.626117
1764027201398,66.675584
1764027201431,66.718345
1764027201468,66.753084
1764027201496,66.78522
1764027201527,66.834686
1764027201566,66.851405
1764027201596,66.850969
1764027201633,66.865233
1764027201670,66.907063
1764027201706,66.931601
1764027201741,66.856581
1764027201767,66.294995
1764027201798,65.918391
1764027201829,65.747726
1764027201859,65.756834
1764027201898,65.893912
1764027201932,66.044968
1764027201967,66.164558
1764027202003,66.263218
1764027202030,66.333511
1764027202067,66.344996
1764027202106,66.323218
1764027202138,66.309904
1764027202172,66.326936
1764027202203,66.377769
1764027202237,66.435257
1764027202267,66.486038
1764027202304,66.528005
1764027202338,66.568819
1764027202366,66.603826
1764027202402,66.620043
1764027202426,66.639451
1764027202460,66.665056
1764027202490,66.677498
1764027202525,66.680037
1764027202560,66.716756
1764027202593,66.778332
1764027202623,66.841535
1764027202655,66.663728
1764027202691,66.235353
1764027202725,65.957389
1764027202759,65.892701
1764027202796,65.971927
1764027202822,66.103126
1764027202857,66.220405
1764027202898,66.32482
1764027202926,66.402223
1764027202964,66.405869
1764027202998,66.328401
1764027203039,66.235503
1764027203074,66.190372
1764027203105,66.180301
1764027203138,66.186564
1764027203168,66.232742
1764027203206,66.308856
1764027203239,66.368349
1764027203272,66.403453
1764027203306,66.44458
1764027203336,66.499281
1764027203379,66.530674
1764027203413,66.572432
1764027203443,66.641104
1764027203478,66.7441
1764027203513,66.843235
1764027203546,66.779484
1764027203574,66.328375
1764027203610,65.998229
1764027203642,65.870207
1764027203671,65.913665
1764027203704,66.044362
1764027203727,66.180053
1764027203766,66.252124
1764027203799,66.293133
1764027203829,66.298153
1764027203869,66.282456
1764027203908,66.239409
1764027203932,66.227964
1764027203964,66.229598
1764027203998,66.206994
1764027204035,66.251401
1764027204075,66.309657
1764027204100,66.356838
1764027204133,66.40915
1764027204170,66.479821
1764027204207,66.559659
1764027204239,66.600095
1764027204263,66.637315
1764027204297,66.683911
1764027204329,66.671697
1764027204365,66.196499
1764027204399,65.711469
1764027204438,65.4454
1764027204475,65.418356
1764027204512,65.945892
1764027204542,66.45372
1764027204574,66.779387
1764027204605,66.992982
1764027204639,67.055782
1764027204675,67.015905
1764027204712,66.89912
1764027204741,66.85761
1764027204765,66.818456
1764027204806,66.851093
1764027204833,66.9358
1764027204875,66.964342
1764027204913,66.985918
1764027204934,66.993796
1764027204974,67.004036
1764027205012,66.988157
1764027205043,66.975664
1764027205067,66.982747
1764027205113,67.005332
1764027205149,67.007539
1764027205180,66.714692
1764027205210,65.870963
1764027205234,65.442399
1764027205270,65.260855
1764027205302,65.58753
1764027205332,66.154767
1764027205367,66.409566
1764027205400,66.629991
1764027205434,66.802049
1764027205474,66.841705
1764027205511,66.725688
1764027205543,66.519658
1764027205569,66.450843
1764027205601,66.482991
1764027205630,66.623162
1764027205668,66.721404
1764027205700,66.796776
1764027205736,66.868743
1764027205769,66.891432
1764027205806,66.869901
1764027205846,66.823469
1764027205864,66.765304
1764027205903,66.690343
1764027205936,66.557263
1764027205970,66.366799
1764027206005,65.589991
1764027206033,64.78953
1764027206069,64.331734
1764027206106,64.314716
1764027206135,64.556228
1764027206171,64.944388
1764027206202,65.281493
1764027206232,65.563278
1764027206269,65.811496
1764027206297,65.985332
1764027206330,66.03931
1764027206367,66.012298
1764027206403,65.890878
1764027206435,65.802818
1764027206465,65.819595
1764027206500,65.845559
1764027206537,65.779634
1764027206570,65.532093
1764027206611,65.124102
1764027206633,64.565577
1764027206673,64.227469
1764027206699,63.84091
1764027206732,63.395465
1764027206769,63.16476
1764027206798,63.063412
1764027206839,63.147494
1764027206864,63.171687
1764027206898,62.996999
1764027206939,62.684659
1764027206968,62.53236
1764027207003,62.353368
1764027207042,62.454111
1764027207075,62.706209
1764027207104,63.003236
1764027207136,63.328687
1764027207173,63.601195
1764027207203,63.81119
1764027207238,63.895175
1764027207270,63.920019
1764027207307,64.021934
1764027207335,64.24118
1764027207375,64.491116
1764027207415,64.665668
1764027207436,64.76897
1764027207473,64.86011
1764027207506,65.048854
1764027207534,65.245483
1764027207574,65.38398
1764027207611,65.375107
1764027207638,65.454502
1764027207669,65.553858
1764027207705,65.684907
1764027207738,65.601775
1764027207774,65.026986
1764027207800,64.710454
1764027207833,64.622693
1764027207864,64.737056
1764027207897,64.928053
1764027207932,65.105938
1764027207968,65.184773
1764027207999,65.277163
1764027208031,65.381526
1764027208064,65.430901
1764027208106,65.481481
1764027208135,65.591241
1764027208169,65.724992
1764027208203,65.911152
1764027208243,66.103399
1764027208270,66.279286
1764027208307,66.459098
1764027208339,66.596449
1764027208372,66.710701
1764027208406,66.753709
1764027208444,66.742023
1764027208469,66.709197
1764027208506,66.662029
1764027208538,66.454098
1764027208570,64.928925
1764027208605,64.424521
1764027208642,64.158758
1764027208674,64.098998
1764027208707,64.18213
1764027208743,64.364351
1764027208773,64.610766
1764027208811,64.844843
1764027208842,64.984655
1764027208872,65.087006
1764027208905,65.158738
1764027208938,65.235249
1764027208970,65.33592
1764027209004,65.429404
1764027209036,65.501488
1764027209072,65.586872
1764027209103,65.680636
1764027209134,65.801945
1764027209174,65.911393
1764027209202,66.015768
1764027209244,66.133796
1764027209283,66.249051
1764027209311,66.366936
1764027209342,66.48501
1764027209380,66.444619
1764027209407,65.782199
1764027209435,65.40637
1764027209471,65.214819
1764027209509,65.236675
1764027209539,65.416572
1764027209574,65.660851
1764027209606,65.900038
1764027209637,66.108627
1764027209672,66.256642
1764027209703,66.335556
1764027209734,66.362984
1764027209771,66.360823
1764027209806,66.365185
1764027209833,66.400673
1764027209874,66.45902
1764027209898,66.519528
1764027209940,66.5935
1764027209971,66.669171
1764027210005,66.762961
1764027210037,66.84955
1764027210064,66.929902
1764027210100,67.012233
1764027210129,67.101811
1764027210166,67.209721
1764027210206,67.318869
1764027210233,66.938398
1764027210270,66.094962
1764027210299,65.732974
1764027210327,65.655291
1764027210359,65.959622
1764027210394,66.27814
1764027210425,66.535635
1764027210462,66.725239
1764027210494,66.845728
1764027210530,66.876152
1764027210572,66.832518
1764027210606,66.742915
1764027210632,66.660883
1764027210664,66.61977
1764027210695,66.685467
1764027210731,66.767316
1764027210762,66.820513
1764027210794,66.929003
1764027210826,67.018203
1764027210865,67.074102
1764027210894,67.149558
1764027210925,67.217762
1764027210959,67.289878
1764027210992,67.358192
1764027211024,67.40398
1764027211060,67.07724
1764027211091,66.556664
1764027211124,66.276486
1764027211159,66.201941
1764027211193,66.306688
1764027211223,66.464098
1764027211258,66.608363
1764027211294,66.735057
1764027211325,66.840338
1764027211359,66.894413
1764027211399,66.907252
1764027211426,66.918964
1764027211460,66.939752
1764027211493,66.984447
1764027211524,67.038444
1764027211559,67.093327
1764027211590,67.146661
1764027211625,67.19952
1764027211659,67.253016
1764027211695,67.318726
1764027211723,67.394736
1764027211757,67.463447
1764027211790,67.513421
1764027211831,67.556768
1764027211860,67.524437
1764027211891,66.810813
1764027211926,66.332053
1764027211964,66.066459
1764027211995,65.986849
1764027212034,66.046992
1764027212064,66.193549
1764027212095,66.356174
1764027212131,66.490472
1764027212160,66.594535
1764027212196,66.656834
1764027212230,66.670734
1764027212265,66.667915
1764027212305,66.672771
1764027212335,66.715714
1764027212362,66.793573
1764027212392,66.881913
1764027212425,66.954049
1764027212459,67.031387
1764027212495,67.127807
1764027212530,67.21284
1764027212564,67.273355
1764027212595,67.337079
1764027212628,67.42275
1764027212662,67.490687
1764027212694,67.514906
1764027212725,67.412789
1764027212760,66.750142
1764027212796,66.378479
1764027212829,66.171883
1764027212862,66.12168
1764027212892,66.118614
1764027212930,66.106589
1764027212963,66.081257
1764027212997,66.043145
1764027213027,65.971972
1764027213061,65.842239
1764027213093,65.690844
1764027213127,65.597009
1764027213159,65.573428
1764027213195,65.563845
1764027213226,65.529229
1764027213262,65.429313
1764027213295,65.298993
1764027213329,65.281057
1764027213362,65.386467
1764027213394,65.54253
1764027213428,65.710597
1764027213463,65.852297
1764027213497,65.923789
1764027213531,65.97317
1764027213563,66.044219
1764027213596,66.105443
1764027213626,65.987721
1764027213664,65.713247
1764027213700,65.566195
1764027213732,65.564333
1764027213766,65.638194
1764027213797,65.734562
1764027213828,65.826281
1764027213863,65.923242
1764027213895,65.994681
1764027213927,66.006426
1764027213962,65.989023
1764027213996,66.011895
1764027214030,66.039375
1764027214062,66.076381
1764027214097,66.1031
1764027214129,66.105691
1764027214162,66.120365
1764027214200,66.109096
1764027214231,66.075586
1764027214263,66.070072
1764027214301,66.089323
1764027214330,66.14073
1764027214364,66.242905
1764027214399,66.317561
1764027214431,66.269937
1764027214470,65.923242
1764027214498,65.691027
1764027214528,65.671248
1764027214564,65.817701
1764027214594,65.978776
1764027214629,66.138569
1764027214659,66.310874
1764027214693,66.458623
1764027214726,66.576586
1764027214765,66.654054
1764027214798,66.717511
1764027214832,66.756346
1764027214866,66.777427
1764027214892,66.811744
1764027214927,66.845969
1764027214958,66.884446
1764027215002,66.931569
1764027215026,66.981452
1764027215065,67.023054
1764027215093,67.068776
1764027215126,67.115606
1764027215167,67.163373
1764027215201,67.181134
1764027215227,66.973222
1764027215261,66.772466
1764027215296,66.698559
1764027215329,66.736046
1764027215364,66.826399
1764027215396,66.896008
1764027215428,66.951256
1764027215462,67.015729
1764027215493,67.06502
1764027215525,67.085964
1764027215563,67.093822
1764027215594,67.105658
1764027215628,67.124109
1764027215662,67.15157
1764027215697,67.181779
1764027215731,67.21879
1764027215763,67.247931
1764027215797,67.273296
1764027215827,67.296877
1764027215854,67.29788
1764027215889,67.292404
1764027215922,67.304475
1764027215955,67.262026
1764027215991,66.871256
1764027216022,66.621508
1764027216056,66.579255
1764027216091,66.676905
1764027216136,66.826893
1764027216160,66.987344
1764027216189,67.13573
1764027216220,67.268517
1764027216258,67.370745
1764027216295,67.426669
1764027216328,67.451618
1764027216360,67.458414
1764027216395,67.4921
1764027216423,67.541169
1764027216458,67.582816
1764027216494,67.63141
1764027216522,67.672849
1764027216556,67.709998
1764027216587,67.739757
1764027216625,67.758293
1764027216656,67.773683
1764027216690,67.799322
1764027216726,67.787596
1764027216760,67.364983
1764027216793,67.074799
1764027216828,66.9822
1764027216861,67.031595
1764027216896,67.141362
1764027216928,67.265581
1764027216961,67.398635
1764027216991,67.522959
1764027217026,67.603637
1764027217062,67.631814
1764027217096,67.640792
1764027217133,67.647647
1764027217163,67.659204
1764027217192,67.678227
1764027217223,67.696007
1764027217254,67.715135
1764027217290,67.733657
1764027217320,67.748963
1764027217357,67.785598
1764027217390,67.818742
1764027217420,67.849849
1764027217458,67.878736
1764027217493,67.892271
1764027217523,67.644073
1764027217561,67.219611
1764027217591,66.994167
1764027217620,66.97265
1764027217661,67.064349
1764027217692,67.19577
1764027217727,67.323316
1764027217757,67.433603
1764027217787,67.527731
1764027217828,67.571065
1764027217860,67.580785
1764027217888,67.570922
1764027217921,67.56697
1764027217962,67.575531
1764027217996,67.588545
1764027218030,67.600961
1764027218061,67.619399
1764027218089,67.631287
1764027218128,67.648272
1764027218163,67.661222
1764027218193,67.669666
1764027218222,67.684347
1764027218260,67.712752
1764027218296,67.703598
1764027218336,67.205639
1764027218371,66.842304
1764027218406,66.68199
1764027218437,66.704647
1764027218472,66.789406
1764027218502,66.892089
1764027218523,66.997897
1764027218554,67.097878
1764027218587,67.173315
1764027218621,67.20047
1764027218658,67.179539
1764027218691,67.143126
1764027218722,67.131173
1764027218758,67.151205
1764027218792,67.178933
1764027218827,67.194363
1764027218862,67.199539
1764027218894,67.212508
1764027218926,67.238433
1764027218964,67.265158
1764027218991,67.294982
1764027219025,67.313524
1764027219057,67.339833
1764027219097,67.369039
1764027219128,67.30896
1764027219158,66.7852
1764027219192,66.479951
1764027219226,66.36663
1764027219265,66.418583
1764027219293,66.52488
1764027219324,66.643572
1764027219369,66.765819
1764027219395,66.88386
1764027219428,66.96929
1764027219462,66.999701
1764027219494,67.000931
1764027219524,67.001335
1764027219559,67.021791
1764027219589,67.075352
1764027219624,67.136941
1764027219657,67.202462
1764027219689,67.271375
1764027219720,67.335139
1764027219758,67.375614
1764027219791,67.395471
1764027219823,67.399352
1764027219859,67.39898
1764027219890,67.400927
1764027219926,67.402008
1764027219960,67.390361
1764027219993,67.207117
1764027220024,66.718839
1764027220060,66.4668
1764027220091,66.425133
1764027220122,66.50542
1764027220157,66.63225
1764027220188,66.756372
1764027220226,66.870728
1764027220263,66.972305
1764027220293,67.0328
1764027220325,67.036843
1764027220359,67.016224
1764027220400,67.008737
1764027220425,67.03181
1764027220466,67.065183
1764027220495,67.100919
1764027220530,67.141531
1764027220563,67.186355
1764027220595,67.220985
1764027220629,67.261252
1764027220660,67.303042
1764027220693,67.336278
1764027220730,67.361584
1764027220760,67.397835
1764027220797,67.437334
1764027220829,67.239227
1764027220861,66.840455
1764027220898,66.636521
1764027220928,66.619919
1764027220964,66.690519
1764027220994,66.795233
1764027221029,66.90054
1764027221059,67.000905
1764027221098,67.075645
1764027221131,67.112371
1764027221166,67.114376
1764027221198,67.096036
1764027221230,67.08515
1764027221261,67.090268
1764027221292,67.109213
1764027221326,67.139382
1764027221368,67.166941
1764027221398,67.190509
1764027221428,67.200704
1764027221459,67.20047
1764027221492,67.16937
1764027221529,67.148341
1764027221559,67.145483
1764027221592,67.159278
1764027221626,67.132638
1764027221660,66.667511
1764027221690,66.360803
1764027221724,66.24383
1764027221760,66.277118
1764027221792,66.366077
1764027221830,66.467868
1764027221863,66.562002
1764027221894,66.657159
1764027221926,66.732576
1764027221962,66.743293
1764027221996,66.728234
1764027222025,66.712466
1764027222059,66.715981
1764027222091,66.752238
1764027222123,66.804712
1764027222161,66.844621
1764027222188,66.862727
1764027222223,66.879335
1764027222259,66.901236
1764027222291,66.920579
1764027222327,66.935514
1764027222360,66.959004
1764027222392,66.977923
1764027222427,67.006667
1764027222460,67.047617
1764027222492,66.828944
1764027222524,66.474782
1764027222561,66.279038
1764027222594,66.25898
1764027222629,66.325354
1764027222661,66.418779
1764027222689,66.520381
1764027222721,66.617087
1764027222756,66.695929
1764027222792,66.734282
1764027222825,66.73494
1764027222860,66.730239
1764027222893,66.733
1764027222928,66.736378
1764027222962,66.731515
1764027223002,66.734184
1764027223026,66.726255
1764027223059,66.704757
1764027223094,66.679126
1764027223126,66.642263
1764027223160,66.584939
1764027223197,66.470895
1764027223226,66.370341
1764027223260,66.314618
1764027223295,66.297782
1764027223328,66.289071
1764027223359,66.077592
1764027223397,65.522425
1764027223426,65.209096
1764027223459,65.06961
1764027223494,65.306298
1764027223526,65.644223
1764027223561,65.914225
1764027223598,66.205223
1764027223634,66.45458
1764027223671,66.609405
1764027223699,66.670909
1764027223732,66.643513
1764027223770,66.648012
1764027223807,66.734048
1764027223833,66.897604
1764027223866,67.025768
1764027223904,67.050879
1764027223931,67.045619
1764027223965,67.029981
1764027224001,66.989655
1764027224032,66.944746
1764027224072,66.897864
1764027224104,66.816373
1764027224130,66.702212
1764027224164,66.577758
1764027224194,66.400393
1764027224236,65.237742
1764027224272,64.770331
1764027224304,64.50238
1764027224338,64.735897
1764027224372,65.37359
1764027224406,65.850644
1764027224432,66.214884
1764027224472,66.471566
1764027224502,66.634008
1764027224534,66.670955
1764027224572,66.651749
1764027224604,66.579704
1764027224635,66.508376
1764027224673,66.542862
1764027224703,66.613311
1764027224738,66.704341
1764027224770,66.772368
1764027224808,66.803397
1764027224842,66.814191
1764027224873,66.81815
1764027224907,66.86815
1764027224940,66.892597
1764027224975,66.933424
1764027225006,67.010944
1764027225045,67.100346
1764027225071,66.67796
1764027225104,66.172781
1764027225137,65.943405
1764027225172,65.976146
1764027225207,66.15461
1764027225238,66.372991
1764027225266,66.56738
1764027225298,66.725864
1764027225332,66.81688
1764027225364,66.857616
1764027225400,66.907675
1764027225428,66.95511
1764027225471,66.986061
1764027225504,67.011758
1764027225539,67.027865
1764027225574,67.06625
1764027225600,67.092156
1764027225640,67.095984
1764027225674,67.09338
1764027225700,67.075958
1764027225736,67.057025
1764027225769,67.059688
1764027225801,67.067644
1764027225834,67.088438
1764027225864,67.102781
1764027225898,66.535674
1764027225930,66.09127
1764027225974,65.811965
1764027226010,65.71841
1764027226040,65.784855
1764027226073,65.871366
1764027226106,65.956621
1764027226136,66.02724
1764027226171,66.0114
1764027226196,65.910143
1764027226234,65.739048
1764027226270,65.586332
1764027226314,65.48904
1764027226340,65.422939
1764027226375,65.422939
1764027226410,65.473356
1764027226441,65.534059
1764027226474,65.593064
1764027226507,65.618005
1764027226539,65.625278
1764027226574,65.655766
1764027226606,65.671365
1764027226643,65.70548
1764027226674,65.74813
1764027226704,65.788846
1764027226734,65.651931
1764027226765,65.348629
1764027226792,65.185014
1764027226828,65.217176
1764027226875,65.524326
1764027226909,65.903378
1764027226946,66.261317
1764027226969,66.476748
1764027227006,66.612081
1764027227041,66.728618
1764027227067,66.786906
1764027227111,66.794784
1764027227137,66.770331
1764027227176,66.781073
1764027227201,66.7816
1764027227242,66.748983
1764027227277,66.737368
1764027227310,66.722485
1764027227346,66.700506
1764027227379,66.734022
1764027227418,66.757557
1764027227458,66.77869
1764027227477,66.804445
1764027227510,66.81382
1764027227546,66.599848
1764027227576,66.036244
1764027227611,65.795155
1764027227641,65.759341
1764027227673,65.874101
1764027227707,65.992799
1764027227742,66.1006
1764027227781,66.240757
1764027227805,66.360497
1764027227837,66.464847
1764027227870,66.545459
1764027227909,66.585043
1764027227945,66.611143
1764027227972,66.636873
1764027228007,66.654959
1764027228042,66.69324
1764027228070,66.736502
1764027228102,66.784081
1764027228132,66.817544
1764027228165,66.828423
1764027228200,66.849517
1764027228231,66.921263
1764027228264,67.029662
1764027228299,67.156108
1764027228331,66.959004
1764027228364,66.658598
1764027228402,66.64102
1764027228446,66.676131
1764027228471,66.828619
1764027228507,67.086928
1764027228542,67.308531
1764027228578,67.490485
1764027228613,67.610857
1764027228641,67.632784
1764027228671,67.588454
1764027228705,67.483447
1764027228730,67.354481
1764027228765,67.224168
1764027228811,67.079655
1764027228840,66.94834
1764027228877,66.818293
1764027228906,66.67031
1764027228939,66.524085
1764027228973,66.385152
1764027229008,66.256799
1764027229041,66.137267
1764027229071,66.037494
1764027229104,65.974193
1764027229138,65.799354
1764027229174,65.063724
1764027229199,64.733143
1764027229234,64.582393
1764027229267,64.977904
1764027229306,65.474183
1764027229341,65.851041
1764027229375,66.117475
1764027229403,66.265607
1764027229439,66.320074
1764027229473,66.289592
1764027229496,66.220177
1764027229529,66.170522
1764027229566,66.143276
1764027229605,66.137442
1764027229629,66.122729
1764027229662,66.100326
1764027229702,66.085079
1764027229726,66.071687
1764027229762,66.032735
1764027229797,65.989499
1764027229830,65.952285
1764027229865,65.92746
1764027229903,65.909374
1764027229936,65.830279
1764027229966,65.143868
1764027229998,64.7591
1764027230030,64.554248
1764027230068,64.546078
1764027230098,64.661163
1764027230138,64.848469
1764027230173,65.011257
1764027230212,65.160795
1764027230236,65.247378
1764027230279,65.267404
1764027230310,65.248088
1764027230342,65.23286
1764027230366,65.248589
1764027230400,65.257398
1764027230435,65.269846
1764027230467,65.305438
1764027230507,65.336539
1764027230544,65.344866
1764027230578,65.361565
1764027230606,65.366689
1764027230645,65.369065
1764027230680,65.383987
1764027230714,65.398974
1764027230742,65.02944
1764027230776,64.438707
1764027230799,64.098692
1764027230844,63.940703
1764027230876,63.950853
1764027230910,64.114441
1764027230940,64.304279
1764027230978,64.578337
1764027230999,64.667381
1764027231038,64.722739
1764027231073,64.759439
1764027231101,64.793143
1764027231133,64.796939
1764027231167,64.870995
1764027231208,65.012923
1764027231247,65.129304
1764027231269,65.217248
1764027231300,65.312177
1764027231334,65.395667
1764027231372,65.458545
1764027231398,65.502171
1764027231435,65.5243
1764027231468,65.526904
1764027231506,65.5346
1764027231532,65.349215
1764027231575,64.594626
1764027231598,64.253621
1764027231630,64.078549
1764027231671,64.320139
1764027231702,64.784061
1764027231734,65.169402
1764027231770,65.460608
1764027231804,65.63212
1764027231839,65.689275
1764027231867,65.593943
1764027231910,65.515433
1764027231936,65.538552
1764027231972,65.575167
1764027232003,65.623708
1764027232034,65.711209
1764027232074,65.774927
1764027232103,65.823768
1764027232142,65.898281
1764027232171,65.945533
1764027232200,65.928112
1764027232238,65.929576
1764027232268,65.90095
1764027232308,65.911243
1764027232339,65.95401
1764027232375,65.950599
1764027232403,65.848456
1764027232436,64.944004
1764027232474,64.575941
1764027232500,64.398681
1764027232534,64.412691
1764027232571,64.544164
1764027232610,64.736235
1764027232636,64.938587
1764027232676,65.074721
1764027232716,65.173191
1764027232736,65.18948
1764027232770,65.198829
1764027232800,65.211981
1764027232830,65.225633
1764027232864,65.26161
1764027232900,65.351617
1764027232935,65.427828
1764027232967,65.486826
1764027233002,65.483623
1764027233037,65.481357
1764027233074,65.50111
1764027233102,65.510231
1764027233138,65.52027
1764027233168,65.523246
1764027233202,65.519151
1764027233235,65.508923
1764027233274,65.486956
1764027233302,65.431305
1764027233334,64.705109
1764027233371,64.288238
1764027233412,64.054948
1764027233440,64.006133
1764027233473,64.138321
1764027233510,64.336076
1764027233553,64.611111
1764027233572,64.804895
1764027233606,64.90649
1764027233640,64.871822
1764027233673,64.828534
1764027233704,64.789224
1764027233739,64.779979
1764027233770,64.820754
1764027233808,64.915104
1764027233836,65.013691
1764027233873,65.095932
1764027233906,65.171674
1764027233943,65.201883
1764027233974,65.158386
1764027234009,65.100919
1764027234039,65.041875
1764027234070,65.01209
1764027234101,64.966712
1764027234136,64.963535
1764027234164,64.959427
1764027234201,64.521826
1764027234238,63.750422
1764027234268,63.345302
1764027234300,63.128543
1764027234337,63.217417
1764027234374,63.383492
1764027234404,63.546364
1764027234439,63.574678
1764027234470,63.612133
1764027234501,63.672719
1764027234532,63.689399
1764027234563,63.662459
1764027234590,63.637114
1764027234622,63.627771
1764027234655,63.623305
1764027234692,63.664217
1764027234725,63.740767
1764027234766,63.830526
1764027234808,63.907245
1764027234834,63.940774
1764027234874,63.97791
1764027234914,64.082572
1764027234940,64.048028
1764027234974,64.158035
1764027235006,64.259533
1764027235039,64.041465
1764027235074,63.621078
1764027235112,63.37454
1764027235135,63.32594
1764027235167,63.452321
1764027235201,63.53919
1764027235240,63.679334
1764027235270,63.808371
1764027235304,63.908216
1764027235337,64.078308
1764027235376,64.184513
1764027235405,64.226089
1764027235436,64.234741
1764027235475,64.253589
1764027235501,64.29131
1764027235532,64.255399
1764027235563,64.364931
1764027235597,64.447067
1764027235631,64.511175
1764027235667,64.552093
1764027235696,64.571384
1764027235726,64.576189
1764027235762,64.574913
1764027235801,64.575818
1764027235836,64.577341
1764027235866,64.423453
1764027235899,63.906386
1764027235936,63.613318
1764027235966,63.515414
1764027235995,63.635733
1764027236027,63.816613
1764027236061,63.909824
1764027236097,64.041179
1764027236129,64.227899
1764027236162,64.343974
1764027236197,64.457373
1764027236227,64.545739
1764027236262,64.590342
1764027236295,64.650968
1764027236330,64.706209
1764027236366,64.785493
1764027236402,64.840064
1764027236431,64.868749
1764027236466,64.921289
1764027236496,64.975423
1764027236531,64.892213
1764027236563,64.958567
1764027236598,64.905045
1764027236636,64.881093
1764027236672,64.867499
1764027236700,64.869823
1764027236728,64.905703
1764027236763,64.730799
1764027236793,64.240295
1764027236824,63.980612
1764027236860,63.908652
1764027236894,64.045026
1764027236928,64.223524
1764027236963,64.472223
1764027237007,64.634223
1764027237037,64.645102
1764027237071,64.658429
1764027237095,64.673351
1764027237130,64.704692
1764027237163,64.725975
1764027237200,64.74729
1764027237229,64.776242
1764027237263,64.788039
1764027237298,64.788189
1764027237328,64.774224
1764027237365,64.771151
1764027237402,64.731782
1764027237437,64.751483
1764027237471,64.781411
1764027237500,64.799634
1764027237537,64.812499
1764027237571,64.841041
1764027237615,64.843144
1764027237647,64.430621
1764027237677,64.033939
1764027237706,63.811119
1764027237744,63.819966
1764027237772,64.028412
1764027237803,64.24728
1764027237836,64.538304
1764027237872,64.657049
1764027237909,64.78371
1764027237938,64.895976
1764027237970,64.934928
1764027238020,64.949609
1764027238047,64.951621
1764027238077,64.967897
1764027238117,64.977578
1764027238148,65.001471
1764027238182,64.999642
1764027238212,64.970078
1764027238245,64.955468
1764027238277,64.953255
1764027238303,64.922083
1764027238334,64.891093
1764027238368,64.88399
1764027238397,64.870116
1764027238435,64.852453
1764027238470,64.853085
1764027238512,64.511631
1764027238532,64.138634
1764027238575,63.97192
1764027238611,64.021354
1764027238634,64.202169
1764027238670,64.392216
1764027238699,64.520296
1764027238734,64.627035
1764027238768,64.727121
1764027238802,64.815617
1764027238837,64.868528
1764027238864,64.900077
1764027238896,64.934798
1764027238937,64.972851
1764027238966,65.003594
1764027238999,65.059746
1764027239032,65.082507
1764027239072,65.100463
1764027239100,65.110632
1764027239131,65.13463
1764027239171,65.170678
1764027239202,65.192924
1764027239231,65.208341
1764027239271,65.244513
1764027239300,65.271069
1764027239339,65.302137
1764027239381,65.263153
1764027239411,64.861659
1764027239432,64.518838
1764027239468,64.367581
1764027239502,64.414996
1764027239535,64.517393
1764027239566,64.608839
1764027239609,64.685382
1764027239643,64.73464
1764027239667,64.793775
1764027239703,64.845396
1764027239729,64.893958
1764027239769,64.928873
1764027239802,64.955156
1764027239830,64.983587
1764027239870,65.018705
1764027239896,65.055977
1764027239927,65.111147
1764027239961,65.166785
1764027239993,65.204656
1764027240027,65.219871
1764027240063,65.215001
1764027240094,65.20532
1764027240130,65.206017
1764027240163,65.200424
1764027240194,65.194676
1764027240229,65.179565
1764027240270,64.879726
1764027240297,64.562263
1764027240332,64.44234
1764027240370,64.521123
1764027240399,64.629919
1764027240432,64.727309
1764027240464,64.814048
1764027240499,64.880129
1764027240536,64.933548
1764027240570,64.977305
1764027240599,65.023672
1764027240639,65.071654
1764027240672,65.130535
1764027240702,65.171798
1764027240740,65.210275
1764027240775,65.229975
1764027240808,65.248101
1764027240841,65.26799
1764027240871,65.273198
1764027240908,65.281662
1764027240936,65.282241
1764027240974,65.264741
1764027241001,65.279754
1764027241042,65.293316
1764027241084,65.265555
1764027241106,64.882571
1764027241134,64.569437
1764027241178,64.444671
1764027241202,64.506794
1764027241234,64.637817
1764027241269,64.777616
1764027241305,64.903183
1764027241338,64.979316
1764027241376,65.033724
1764027241401,65.069753
1764027241436,65.112657
1764027241468,65.146961
1764027241502,65.185021
1764027241537,65.231714
1764027241565,65.244259
1764027241603,65.242482
1764027241637,65.235685
1764027241666,65.245894
1764027241697,65.25284
1764027241732,65.269637
1764027241766,65.280939
1764027241803,65.277652
1764027241832,65.28243
1764027241870,65.299396
1764027241903,65.318544
1764027241929,65.072911
1764027241964,64.761782
1764027241996,64.591846
1764027242031,64.612061
1764027242064,64.76925
1764027242100,64.95263
1764027242132,65.082344
1764027242173,65.174363
1764027242198,65.240151
1764027242238,65.28174
1764027242272,65.322574
1764027242303,65.369469
1764027242331,65.417613
1764027242370,65.46195
1764027242406,65.496917
1764027242442,65.515524
1764027242474,65.513936
1764027242504,65.524326
1764027242535,65.54072
1764027242570,65.570531
1764027242609,65.587888
1764027242639,65.585271
1764027242673,65.564873
1764027242707,65.571989
1764027242740,65.601983
1764027242772,65.636098
1764027242806,65.630733
1764027242837,65.325223
1764027242871,65.064135
1764027242906,64.966426
1764027242938,65.046159
1764027242974,65.192521
1764027243009,65.325002
1764027243042,65.423193
1764027243072,65.493154
1764027243105,65.511117
1764027243140,65.523962
1764027243172,65.540746
1764027243207,65.547465
1764027243243,65.559808
1764027243273,65.595837
1764027243316,65.637478
1764027243341,65.68977
1764027243373,65.743586
1764027243407,65.812082
1764027243443,65.877161
1764027243473,65.929817
1764027243511,65.970071
1764027243542,65.993945
1764027243583,66.01112
1764027243607,65.99638
1764027243644,66.001654
1764027243674,65.906523
1764027243705,65.476188
1764027243738,65.221616
1764027243773,65.146739
1764027243806,65.225705
1764027243839,65.362607
1764027243871,65.480895
1764027243906,65.602797
1764027243938,65.705011
1764027243974,65.783013
1764027244009,65.84828
1764027244047,65.930794
1764027244076,65.984648
1764027244113,66.008828
1764027244140,66.035899
1764027244183,66.06334
1764027244206,66.083965
1764027244237,66.103126
1764027244270,66.119786
1764027244308,66.110489
1764027244339,66.074148
1764027244372,66.040196
1764027244408,66.017207
1764027244438,65.956855
1764027244469,65.948945
1764027244506,65.877122
1764027244542,65.26245
1764027244580,64.948007
1764027244616,64.851243
1764027244642,64.946432
1764027244683,65.142579
1764027244708,65.346669
1764027244741,65.524808
1764027244775,65.662954
1764027244810,65.772805
1764027244839,65.84716
1764027244878,65.87927
1764027244911,65.884836
1764027244941,65.894557
1764027244973,65.917174
1764027245010,65.944381
1764027245042,65.970794
1764027245078,65.997721
1764027245114,66.018216
1764027245146,66.039518
1764027245173,66.064414
1764027245205,66.061726
1764027245239,66.065808
1764027245268,66.093119
1764027245307,66.121016
1764027245340,65.934186
1764027245362,65.504964
1764027245406,65.245841
1764027245443,65.170327
1764027245476,65.268348
1764027245502,65.449222
1764027245538,65.630082
1764027245570,65.776665
1764027245607,65.898938
1764027245636,65.987064
1764027245682,66.005137
1764027245715,65.983027
1764027245747,65.972265
1764027245777,65.991732
1764027245805,66.037572
1764027245836,66.102924
1764027245868,66.171635
1764027245914,66.217332
1764027245936,66.250236
1764027245986,66.271649
1764027246011,66.279754
1764027246046,66.289481
1764027246080,66.303804
1764027246111,66.303062
1764027246137,65.879947
1764027246174,65.362659
1764027246201,65.043763
1764027246228,64.894153
1764027246265,64.931406
1764027246300,65.095391
1764027246327,65.283459
1764027246364,65.444769
1764027246400,65.572614
1764027246431,65.654295
1764027246460,65.68477
1764027246494,65.678657
1764027246530,65.67729
1764027246571,65.708527
1764027246608,65.75563
1764027246629,65.813228
1764027246669,65.885501
1764027246697,65.957285
1764027246739,66.017318
1764027246772,66.054577
1764027246804,66.072416
1764027246830,66.090261
1764027246862,66.12047
1764027246893,66.13226
1764027246924,65.747472
1764027246965,65.324638
1764027246994,65.075873
1764027247029,65.014948
1764027247063,65.120242
1764027247095,65.278244
1764027247131,65.422783
1764027247162,65.54197
1764027247192,65.632647
1764027247227,65.711437
1764027247259,65.776874
1764027247293,65.805402
1764027247325,65.831867
1764027247359,65.870865
1764027247394,65.899544
1764027247426,65.921881
1764027247464,65.936145
1764027247496,65.928548
1764027247525,65.898749
1764027247562,65.863912
1764027247597,65.828899
1764027247627,65.801913
1764027247671,65.80218
1764027247704,65.777811
1764027247736,65.20088
1764027247762,64.821685
1764027247793,64.64725
1764027247829,64.679204
1764027247868,64.815409
1764027247897,64.989349
1764027247928,65.159988
1764027247963,65.278993
1764027247995,65.364514
1764027248030,65.392815
1764027248074,65.38956
1764027248097,65.386467
1764027248127,65.384579
1764027248158,65.416839
1764027248195,65.488935
1764027248226,65.552738
1764027248261,65.602204
1764027248300,65.654392
1764027248331,65.700571
1764027248370,65.718078
1764027248395,65.735747
1764027248426,65.773638
1764027248459,65.81358
1764027248501,65.558975
1764027248533,64.950241
1764027248570,64.61251
1764027248601,64.450485
1764027248636,64.505934
1764027248671,64.674659
1764027248710,64.875787
1764027248744,65.030143
1764027248770,65.127234
1764027248802,65.158868
1764027248834,65.111837
1764027248875,65.019193
1764027248904,64.930957
1764027248933,64.9022
1764027248972,64.911341
1764027249001,64.948144
1764027249038,64.979798
1764027249068,64.950813
1764027249100,64.835494
1764027249134,64.713911
1764027249170,64.625492
1764027249210,64.554828
1764027249232,64.520785
1764027249282,64.510114
1764027249317,64.437581
1764027249338,63.730942
1764027249376,63.303466
1764027249416,63.063685
1764027249438,63.020482
1764027249469,63.157449
1764027249504,63.370771
1764027249539,63.67895
1764027249571,63.799888
1764027249606,63.908176
1764027249635,63.954166
1764027249675,63.993691
1764027249710,63.985586
1764027249739,64.052832
1764027249772,64.1467
1764027249806,64.228751
1764027249837,64.291558
1764027249871,64.371057
1764027249907,64.434586
1764027249936,64.471852
1764027249976,64.508975
1764027250003,64.555531
1764027250035,64.582478
1764027250068,64.62863
1764027250106,64.643338
1764027250139,64.190079
1764027250170,63.73977
1764027250204,63.433818
1764027250234,63.316558
1764027250272,63.542458
1764027250305,64.017233
1764027250339,64.382756
1764027250381,64.623259
1764027250403,64.774627
1764027250439,64.804823
1764027250473,64.745877
1764027250507,64.728572
1764027250538,64.755356
1764027250578,64.791411
1764027250608,64.871822
1764027250640,65.001159
1764027250675,65.094812
1764027250712,65.166798
1764027250741,65.150971
1764027250769,65.167781
1764027250804,65.221525
1764027250838,65.214259
1764027250873,65.211766
1764027250897,65.226056
1764027250934,65.247423
1764027250966,65.273459
1764027251002,65.183738
1764027251037,64.704575
1764027251070,64.380211
1764027251105,64.230653
1764027251132,64.253075
1764027251173,64.416663
1764027251201,64.616417
1764027251232,64.776913
1764027251271,64.941412
1764027251298,65.034968
1764027251327,65.085788
1764027251360,65.114193
1764027251405,65.133145
1764027251437,65.16963
1764027251467,65.216955
1764027251502,65.254214
1764027251530,65.294533
1764027251561,65.345907
1764027251598,65.409221
1764027251631,65.455647
1764027251664,65.526807
1764027251695,65.60477
1764027251726,65.658461
1764027251763,65.706541
1764027251795,65.766125
1764027251828,65.812297
1764027251863,65.854159
1764027251898,65.893938
1764027251930,65.808293
1764027251966,65.182228
1764027251998,64.83371
1764027252029,64.657908
1764027252063,64.657804
1764027252096,64.779445
1764027252132,64.964961
1764027252171,65.164337
1764027252204,65.338804
1764027252235,65.447242
1764027252266,65.481045
1764027252297,65.491826
1764027252324,65.493291
1764027252358,65.530179
1764027252389,65.602673
1764027252422,65.683195
1764027252454,65.759015
1764027252490,65.839283
1764027252523,65.897584
1764027252564,65.932018
1764027252591,65.953502
1764027252622,65.961992
1764027252658,65.982943
1764027252690,65.999727
1764027252722,66.00237
1764027252758,66.002253
1764027252795,66.01554
1764027252824,65.81677
1764027252854,65.18795
1764027252892,64.857232
1764027252920,64.703195
1764027252953,64.730083
1764027252991,64.885409
1764027253023,65.080971
1764027253058,65.280757
1764027253096,65.435283
1764027253127,65.525192
1764027253160,65.556475
1764027253197,65.547855
1764027253229,65.54809
1764027253262,65.574717
1764027253297,65.625623
1764027253331,65.694933
1764027253367,65.773495
1764027253400,65.838196
1764027253428,65.894784
1764027253465,65.938958
1764027253498,65.971575
1764027253526,65.990417
1764027253562,65.994746
1764027253599,66.004746
1764027253625,66.025469
1764027253656,66.042513
1764027253690,65.93569
1764027253723,65.213289
1764027253759,64.798573
1764027253790,64.529007
1764027253824,64.426097
1764027253858,64.478734
1764027253894,64.628357
1764027253927,64.807531
1764027253970,64.992168
1764027253996,65.127182
1764027254030,65.141453
1764027254068,65.094265
1764027254096,65.067403
1764027254131,65.086374
1764027254170,65.159584
1764027254196,65.254012
1764027254233,65.380426
1764027254266,65.489808
1764027254301,65.583435
1764027254334,65.666625
1764027254366,65.726906
1764027254398,65.778521
1764027254431,65.811151
1764027254467,65.841874
1764027254498,65.863163
1764027254532,65.865071
1764027254566,65.885585
1764027254598,65.793573
1764027254631,65.06931
1764027254667,64.669288
1764027254699,64.406454
1764027254734,64.287919
1764027254764,64.317919
1764027254797,64.436813
1764027254832,64.601332
1764027254866,64.772479
1764027254899,64.898443
1764027254932,64.962962
1764027254964,64.964798
1764027255002,64.962467
1764027255030,65.000651
1764027255065,65.087598
1764027255097,65.202098
1764027255132,65.315887
1764027255161,65.433362
1764027255198,65.512731
1764027255230,65.589086
1764027255266,65.656306
1764027255299,65.698136
1764027255333,65.732205
1764027255367,65.768488
1764027255398,65.807961
1764027255431,65.841659
1764027255464,65.867265
1764027255497,65.796099
1764027255531,65.154552
1764027255566,64.742915
1764027255599,64.47333
1764027255628,64.374111
1764027255666,64.439267
1764027255700,64.591325
1764027255732,64.770304
1764027255770,64.962552
1764027255803,65.102091
1764027255831,65.155333
1764027255866,65.129597
1764027255900,65.096882
1764027255929,65.102162
1764027255963,65.15838
1764027255996,65.254644
1764027256031,65.353459
1764027256062,65.450192
1764027256099,65.51904
1764027256132,65.576918
1764027256166,65.628481
1764027256204,65.66281
1764027256239,65.678989
1764027256266,65.702719
1764027256310,65.722934
1764027256335,65.749575
1764027256366,65.607543
1764027256403,64.927356
1764027256440,64.545388
1764027256465,64.315705
1764027256499,64.259663
1764027256535,64.340406
1764027256574,64.505518
1764027256603,64.695213
1764027256642,64.866425
1764027256669,64.96416
1764027256699,64.978574
1764027256743,64.940742
1764027256767,64.896894
1764027256812,64.89483
1764027256847,64.951842
1764027256883,65.056029
1764027256913,65.160567
1764027256946,65.258934
1764027256966,65.34635
1764027257000,65.421005
1764027257034,65.474241
1764027257069,65.525941
1764027257102,65.570772
1764027257133,65.604672
1764027257174,65.631983
1764027257201,65.649679
1764027257238,65.630082
1764027257267,64.976719
1764027257304,64.394775
1764027257342,64.030078
1764027257369,63.819823
1764027257403,63.696027
1764027257437,63.71173
1764027257470,63.788833
1764027257503,63.86037
1764027257535,63.950019
1764027257570,63.980299
1764027257600,63.968222
1764027257633,63.867838
1764027257662,63.825689
1764027257697,63.890449
1764027257730,63.979154
1764027257761,64.114382
1764027257795,64.366864
1764027257826,64.431852
1764027257854,64.506045
1764027257886,64.554652
1764027257923,64.589978
1764027257959,64.644881
1764027257988,64.669575
1764027258018,64.692811
1764027258056,64.741763
1764027258088,64.776138
1764027258127,64.735552
1764027258152,64.077253
1764027258187,63.610798
1764027258223,63.256994
1764027258253,63.090866
1764027258288,63.052351
1764027258318,63.233446
1764027258352,63.422952
1764027258388,63.613708
1764027258419,63.780936
1764027258454,63.855064
1764027258490,63.873463
1764027258520,63.859602
1764027258558,63.787225
1764027258593,63.831242
1764027258625,64.055124
1764027258658,64.282053
1764027258687,64.468063
1764027258720,64.518252
1764027258755,64.597094
1764027258789,64.684256
1764027258820,64.747049
1764027258858,64.821971
1764027258888,64.86675
1764027258922,64.885592
1764027258955,64.874628
1764027258992,64.415693
1764027259024,63.853521
1764027259055,63.495557
1764027259087,63.290594
1764027259121,63.279663
1764027259159,63.407848
1764027259193,63.697042
1764027259223,63.973945
1764027259254,64.212091
1764027259288,64.244032
1764027259326,64.220633
1764027259357,64.171635
1764027259391,64.135919
1764027259420,64.143536
1764027259467,64.256506
1764027259493,64.396337
1764027259522,64.548278
1764027259557,64.671632
1764027259589,64.739543
1764027259626,64.818703
1764027259663,64.866262
1764027259700,64.92955
1764027259733,64.976269
1764027259762,65.013346
1764027259788,64.815585
1764027259821,63.990469
1764027259856,63.587419
1764027259887,63.304833
1764027259925,63.177534
1764027259965,63.190952
1764027260008,63.296825
1764027260031,63.450901
1764027260068,63.643149
1764027260100,63.766815
1764027260130,63.80231
1764027260168,63.795767
1764027260197,63.759373
1764027260227,63.801945
1764027260260,63.897037
1764027260299,64.040443
1764027260335,64.215516
1764027260365,64.379716
1764027260397,64.527223
1764027260431,64.65016
1764027260463,64.703032
1764027260499,64.76591
1764027260530,64.837486
1764027260564,64.889212
1764027260595,64.878365
1764027260629,64.395224
1764027260670,63.818534
1764027260703,63.457034
1764027260733,63.239826
1764027260767,63.173393
1764027260803,63.259533
1764027260837,63.381689
1764027260871,63.629509
1764027260905,63.751261
1764027260945,63.8822
1764027260976,63.9597
1764027261012,64.000547
1764027261043,64.067774
1764027261076,64.163517
1764027261116,64.356903
1764027261140,64.578376
1764027261178,64.798586
1764027261211,64.96054
1764027261244,65.10435
1764027261277,65.227026
1764027261310,65.312352
1764027261347,65.349293
1764027261373,65.350269
1764027261418,65.316727
1764027261441,65.271336
1764027261474,65.212931
1764027261512,64.794914
1764027261539,63.94082
1764027261575,63.540231
1764027261606,63.300992
1764027261644,63.223458
1764027261677,63.286935
1764027261721,63.468766
1764027261743,63.694106
1764027261774,64.009968
1764027261813,64.117611
1764027261844,64.170112
1764027261879,64.177039
1764027261911,64.177182
1764027261945,64.246147
1764027261972,64.402685
1764027262001,64.564847
1764027262031,64.692719
1764027262062,64.828729
1764027262095,64.938333
1764027262128,65.005964
1764027262158,65.070886
1764027262191,65.134122
1764027262231,65.192215
1764027262264,65.251597
1764027262300,65.315803
1764027262329,65.341916
1764027262364,64.84675
1764027262397,64.291831
1764027262430,63.939974
1764027262471,63.752186
1764027262507,63.75938
1764027262546,63.885488
1764027262576,64.07252
1764027262599,64.312665
1764027262630,64.498916
1764027262666,64.544847
1764027262699,64.498232
1764027262733,64.446298
1764027262774,64.438362
1764027262798,64.491103
1764027262835,64.58473
1764027262863,64.689685
1764027262899,64.796861
1764027262937,64.891451
1764027262965,64.962949
1764027263003,65.027741
1764027263030,65.070971
1764027263067,65.08407
1764027263106,65.094708
1764027263137,65.105854
1764027263166,65.121876
1764027263204,65.136974
1764027263233,64.688331
1764027263270,64.093842
1764027263301,63.744106
1764027263330,63.564932
1764027263367,63.569151
1764027263406,63.68395
1764027263432,63.854407
1764027263463,64.049115
1764027263504,64.218146
1764027263530,64.325653
1764027263570,64.387001
1764027263608,64.405458
1764027263635,64.411441
1764027263671,64.452496
1764027263708,64.54029
1764027263747,64.638891
1764027263779,64.741248
1764027263811,64.829354
1764027263835,64.883202
1764027263870,64.935462
1764027263902,64.978574
1764027263939,64.985885
1764027263972,65.008314
1764027263997,65.021061
1764027264030,65.037533
1764027264074,65.069467
1764027264103,64.670304
1764027264138,64.131817
1764027264170,63.787831
1764027264206,63.598129
1764027264235,63.595017
1764027264268,63.712687
1764027264302,63.896373
1764027264338,64.100964
1764027264366,64.305575
1764027264402,64.447457
1764027264435,64.505186
1764027264474,64.509795
1764027264499,64.543539
1764027264529,64.58669
1764027264573,64.683676
1764027264605,64.795663
1764027264632,64.89388
1764027264670,64.991667
1764027264700,65.082019
1764027264736,65.14601
1764027264768,65.207443
1764027264807,65.261727
1764027264837,65.30605
1764027264866,65.348329
1764027264904,65.379091
1764027264934,65.417392
1764027264972,65.097989
1764027265002,64.449046
1764027265035,64.091505
1764027265065,63.902851
1764027265103,63.89608
1764027265135,64.027767
1764027265167,64.219552
1764027265210,64.442308
1764027265246,64.623735
1764027265270,64.718078
1764027265301,64.699725
1764027265336,64.662823
1764027265374,64.646365
1764027265406,64.687205
1764027265439,64.791984
1764027265471,64.927207
1764027265503,65.06017
1764027265536,65.177098
1764027265568,65.26411
1764027265602,65.338192
1764027265633,65.388394
1764027265667,65.424938
1764027265706,65.458258
1764027265734,65.503714
1764027265771,65.50514
1764027265807,64.925162
1764027265836,64.377431
1764027265868,64.027233
1764027265902,63.842317
1764027265938,63.840507
1764027265969,63.973515
1764027266006,64.152371
1764027266046,64.354814
1764027266071,64.507894
1764027266100,64.571625
1764027266136,64.566208
1764027266167,64.551175
1764027266199,64.566182
1764027266235,64.625206
1764027266274,64.732251
1764027266305,64.866809
1764027266337,64.990501
1764027266372,65.082676
1764027266406,65.154311
1764027266439,65.220594
1764027266475,65.257495
1764027266504,65.287176
1764027266543,65.322027
1764027266575,65.358427
1764027266606,65.362444
1764027266639,64.79384
1764027266671,64.237352
1764027266704,63.885195
1764027266739,63.695773
1764027266774,63.660141
1764027266808,63.740037
1764027266841,63.870852
1764027266873,64.046426
1764027266904,64.214025
1764027266938,64.328166
1764027266970,64.364853
1764027267002,64.350725
1764027267037,64.376676
1764027267068,64.453349
1764027267103,64.578799
1764027267132,64.709204
1764027267174,64.839992
1764027267208,64.958561
1764027267237,65.054681
1764027267272,65.115072
1764027267305,65.165053
1764027267342,65.20646
1764027267375,65.237443
1764027267411,65.273667
1764027267445,65.318954
1764027267470,65.215548
1764027267501,64.436793
1764027267537,63.99291
1764027267566,63.715447
1764027267608,63.608793
1764027267636,63.653911
1764027267673,63.789204
1764027267705,63.957129
1764027267732,64.134942
1764027267763,64.270217
1764027267792,64.341591
1764027267825,64.355048
1764027267857,64.36342
1764027267895,64.415563
1764027267926,64.540798
1764027267967,64.690265
1764027267998,64.861021
1764027268037,65.00612
1764027268064,65.12267
1764027268106,65.228113
1764027268138,65.317118
1764027268169,65.389032
1764027268201,65.44027
1764027268238,65.487204
1764027268265,65.530414
1764027268298,65.570017
1764027268331,65.521065
1764027268378,64.76216
1764027268412,64.27411
1764027268439,63.958027
1764027268473,63.811919
1764027268508,63.825175
1764027268536,63.940188
1764027268566,64.148399
1764027268601,64.347541
1764027268635,64.506904
1764027268676,64.54723
1764027268714,64.509157
1764027268743,64.482028
1764027268778,64.500348
1764027268808,64.584255
1764027268840,64.712218
1764027268881,64.852349
1764027268900,64.985371
1764027268940,65.100033
1764027268967,65.197332
1764027269010,65.280126
1764027269044,65.344944
1764027269073,65.394189
1764027269104,65.437236
1764027269136,65.479554
1764027269167,65.470101
1764027269203,64.820578
1764027269232,64.259787
1764027269274,63.910546
1764027269310,63.736626
1764027269343,63.92151
1764027269375,64.402757
1764027269408,64.777512
1764027269452,65.092904
1764027269474,65.287313
1764027269508,65.342685
1764027269540,65.259924
1764027269576,65.150229
1764027269614,65.130795
1764027269645,65.215835
1764027269680,65.341597
1764027269710,65.48335
1764027269746,65.578331
1764027269774,65.597881
1764027269812,65.571775
1764027269843,65.594815
1764027269878,65.637836
1764027269910,65.648546
1764027269946,65.660336
1764027269974,65.671834
1764027270009,65.686853
1764027270038,65.446201
1764027270072,64.513773
1764027270097,64.091732
1764027270130,63.826776
1764027270170,63.722407
1764027270205,63.735643
1764027270230,63.828671
1764027270276,63.962103
1764027270312,64.116772
1764027270338,64.22812
1764027270371,64.278335
1764027270404,64.282658
1764027270440,64.305249
1764027270475,64.359586
1764027270497,64.479261
1764027270531,64.645603
1764027270570,64.79968
1764027270608,64.940931
1764027270642,65.083217
1764027270677,65.199858
1764027270706,65.282743
1764027270743,65.3326
1764027270774,65.374019
1764027270802,65.412385
1764027270831,65.430198
1764027270867,65.453506
1764027270898,65.477503
1764027270936,65.142371
1764027270975,64.304012
1764027271002,63.908014
1764027271031,63.68201
1764027271071,63.625603
1764027271098,63.676593
1764027271129,63.809732
1764027271170,64.014421
1764027271207,64.167872
1764027271242,64.280751
1764027271266,64.307333
1764027271308,64.304442
1764027271335,64.312079
1764027271367,64.370725
1764027271398,64.495693
1764027271432,64.658038
1764027271469,64.812134
1764027271497,64.955032
1764027271539,65.068484
1764027271575,65.153185
1764027271601,65.234097
1764027271637,65.314364
1764027271680,65.391559
1764027271710,65.450459
1764027271734,65.489827
1764027271766,65.514144
1764027271802,65.12017
1764027271835,64.45458
1764027271872,64.076745
1764027271898,63.872584
1764027271934,63.867916
1764027271968,64.012077
1764027272000,64.237241
1764027272035,64.488096
1764027272066,64.686417
1764027272103,64.818189
1764027272135,64.872083
1764027272170,64.88289
1764027272202,64.925019
1764027272234,65.01125
1764027272264,65.138419
1764027272295,65.282827
1764027272329,65.404358
1764027272362,65.522829
1764027272404,65.615746
1764027272432,65.701131
1764027272464,65.818742
1764027272501,65.92274
1764027272540,66.021817
1764027272564,66.151935
1764027272595,66.26797
1764027272635,66.208491
1764027272671,65.41943
1764027272698,64.949023
1764027272740,64.643819
1764027272780,64.471741
1764027272801,64.456702
1764027272838,64.551397
1764027272872,64.713449
1764027272901,64.89608
1764027272934,65.0364
1764027272975,65.132911
1764027273011,65.132475
1764027273043,65.110469
1764027273069,65.165815
1764027273108,65.295484
1764027273136,65.437587
1764027273168,65.583513
1764027273199,65.743911
1764027273236,65.955761
1764027273275,66.156811
1764027273312,66.320751
1764027273335,66.459144
1764027273374,66.589275
1764027273412,66.694803
1764027273445,66.791978
1764027273474,66.784074
1764027273509,66.146127
1764027273545,65.402991
1764027273579,64.969987
1764027273613,64.835585
1764027273645,65.095613
1764027273675,65.643279
1764027273712,66.057995
1764027273746,66.331753
1764027273779,66.479964
1764027273802,66.517516
1764027273834,66.457002
1764027273868,66.341636
1764027273903,66.196753
1764027273934,66.142338
1764027273970,66.229709
1764027274000,66.300438
1764027274035,66.380445
1764027274069,66.539548
1764027274099,66.643494
1764027274137,66.690584
1764027274169,66.730747
1764027274206,66.762108
1764027274234,66.776079
1764027274274,66.747765
1764027274302,66.477523
1764027274341,65.702029
1764027274375,65.228797
1764027274407,64.882662
1764027274441,64.654203
1764027274471,64.542087
1764027274504,64.520244
1764027274535,64.588305
1764027274572,64.697661
1764027274602,64.777642
1764027274633,64.763846
1764027274671,64.685031
1764027274707,64.5946
1764027274731,64.514326
1764027274771,64.46945
1764027274799,64.473721
1764027274831,64.514183
1764027274867,64.565713
1764027274901,64.618292
1764027274930,64.660649
1764027274970,64.684471
1764027275001,64.679607
1764027275038,64.609919
1764027275069,64.298902
1764027275104,63.794172
1764027275136,63.35842
1764027275169,63.223966
1764027275207,63.366357
1764027275239,63.61404
1764027275272,63.902226
1764027275306,64.178771
1764027275344,64.406227
1764027275371,64.534997
1764027275404,64.610362
1764027275436,64.617849
1764027275479,64.543122
1764027275521,64.43152
1764027275548,64.318088
1764027275570,64.212723
1764027275603,64.180913
1764027275634,64.243992
1764027275670,64.357763
1764027275701,64.582191
1764027275739,64.637556
1764027275773,64.667055
1764027275807,64.515674
1764027275840,63.829869
1764027275876,63.23185
1764027275907,62.784022
1764027275940,62.517718
1764027275974,62.498844
1764027276009,62.475869
1764027276041,62.393349
1764027276079,62.082286
1764027276106,61.803794
1764027276133,61.673468
1764027276167,61.580355
1764027276206,61.46665
1764027276239,61.386018
1764027276271,61.308745
1764027276304,61.424365
1764027276341,61.727238
1764027276368,62.044141
1764027276403,62.416168
1764027276435,62.744783
1764027276467,63.084336
1764027276504,63.274872
1764027276536,63.407757
1764027276570,63.293622
1764027276599,63.082409
1764027276629,62.816014
1764027276670,62.543285
1764027276699,62.350204
1764027276726,62.23674
1764027276763,62.173614
1764027276795,62.081576
1764027276830,62.023451
1764027276866,61.941093
1764027276901,61.834244
1764027276942,61.559066
1764027276969,61.327229
1764027277005,61.176512
1764027277038,61.160489
1764027277069,60.899348
1764027277102,60.500726
1764027277136,60.289123
1764027277171,60.218348
1764027277204,60.206199
1764027277236,60.17172
1764027277262,60.075515
1764027277292,59.937662
1764027277327,59.678448
1764027277359,59.378603
1764027277394,59.173523
1764027277428,59.092559
1764027277461,59.09584
1764027277495,59.332691
1764027277528,59.768618
1764027277565,60.173575
1764027277601,60.472125
1764027277630,60.622374
1764027277671,60.698553
1764027277709,60.750363
1764027277734,60.828834
1764027277769,61.0336
1764027277800,61.446552
1764027277825,62.031218
1764027277862,62.46027
1764027277899,62.756053
1764027277944,62.953353
1764027277974,63.06987
1764027278007,63.103282
1764027278033,63.017858
1764027278067,62.82065
1764027278094,62.535648
1764027278129,62.317111
1764027278162,62.225932
1764027278197,62.29215
1764027278228,62.400921
1764027278266,62.549613
1764027278295,62.714484
1764027278332,62.771594
1764027278362,62.772407
1764027278397,62.702296
1764027278428,62.600173
1764027278467,62.590954
1764027278498,62.588383
1764027278534,62.562334
1764027278572,62.616833
1764027278601,62.747707
1764027278635,62.881178
1764027278670,63.001426
1764027278707,63.11157
1764027278744,63.132071
1764027278777,63.056055
1764027278806,62.660141
1764027278843,61.848729
1764027278875,61.455849
1764027278903,61.143009
1764027278937,60.976406
1764027278970,60.862857
1764027278994,60.729002
1764027279031,60.576631
1764027279066,60.433447
1764027279101,60.372874
1764027279138,60.405654
1764027279177,60.435732
1764027279207,60.452731
1764027279239,60.463662
1764027279272,60.424254
1764027279305,60.363492
1764027279354,60.301818
1764027279374,60.19935
1764027279405,60.082064
1764027279436,59.990814
1764027279467,59.969427
1764027279495,59.979915
1764027279524,60.038828
1764027279559,60.020651
1764027279594,59.927109
1764027279627,59.641241
1764027279661,59.454274
1764027279697,59.407789
1764027279739,59.513877
1764027279777,59.690486
1764027279792,59.917441
1764027279826,60.145086
1764027279863,60.354508
1764027279895,60.519945
1764027279936,60.622823
1764027279963,60.703338
1764027279999,60.827336
1764027280030,60.971764
1764027280069,61.116889
1764027280096,61.295718
1764027280131,61.457256
1764027280169,61.601365
1764027280203,61.698995
1764027280232,61.7641
1764027280273,61.808404
1764027280308,61.898645
1764027280335,61.944655
1764027280371,61.787303
1764027280397,61.493245
1764027280434,61.225366
1764027280463,61.063692
1764027280498,61.011908
1764027280527,61.014609
1764027280562,61.060619
1764027280591,61.17797
1764027280625,61.299852
1764027280660,61.373707
1764027280700,61.404905
1764027280735,61.434469
1764027280767,61.476032
1764027280798,61.539685
1764027280831,61.667368
1764027280871,61.818436
1764027280903,61.976953
1764027280935,62.147306
1764027280974,62.270861
1764027281002,62.369299
1764027281032,62.472842
1764027281071,62.593975
1764027281108,62.696938
1764027281147,62.745767
1764027281168,62.603741
1764027281207,62.33424
1764027281233,62.068581
1764027281266,61.863567
1764027281310,61.739595
1764027281336,61.69964
1764027281366,61.70714
1764027281402,61.758631
1764027281440,61.831425
1764027281471,61.891542
1764027281506,61.921888
1764027281530,61.916386
1764027281572,61.929947
1764027281601,61.97179
1764027281638,62.029473
1764027281667,62.112403
1764027281701,62.199637
1764027281738,62.315119
1764027281771,62.441103
1764027281804,62.549164
1764027281828,62.639893
1764027281862,62.735936
